Civ2 Rules Dump  —  2026-03-27 23:24:52
Output: C:\Users\stuar\Documents\Stu\Code\civ2research\reverse_engineering\findings\memory_map\cosmic_and_rules_dump.txt

================================================================
SECTION 1: Cosmic Parameters
  Address: 0x0064bcc8  Size: 22 bytes
================================================================
  Offset     Hex   Dec (u8)   Dec (i8)
  ------     ---   --------   --------
  +0000    03              3            3
  +0001    02              2            2
  +0002    02              2            2
  +0003    0a             10           10
  +0004    0a             10           10
  +0005    01              1            1
  +0006    02              2            2
  +0007    07              7            7
  +0008    0e             14           14
  +0009    08              8            8
  +000a    0c             12           12
  +000b    0a             10           10
  +000c    14             20           20
  +000d    03              3            3
  +000e    03              3            3
  +000f    08              8            8
  +0010    01              1            1
  +0011    32             50           50
  +0012    32             50           50
  +0013    0a             10           10
  +0014    4b             75           75
  +0015    05              5            5

  Raw hex block:
  +0000  03 02 02 0a 0a 01 02 07 0e 08 0c 0a 14 03 03 08   ................
  +0010  01 32 32 0a 4b 05                                 .22.K.

================================================================
SECTION 2: Tech Tree Table
  Address: 0x00627684  Entries: 90  Stride: 16 bytes
================================================================
  Entry   0  [7c 03 00 00 00 01 04 fe 04 03 42 2c 41 6c 70 00]  dec:   892      0    256  65028    772  11330  27713    112
  Entry   1  [7d 03 00 00 00 01 05 01 03 00 ff ff 41 6d 70 00]  dec:   893      0    256    261      3  65535  27969    112
  Entry   2  [7e 03 00 00 00 01 03 fe 00 03 39 51 41 73 74 00]  dec:   894      0    256  65027    768  20793  29505    116
  Entry   3  [7f 03 00 00 00 01 04 01 03 01 38 31 41 74 6f 00]  dec:   895      0    256    260    259  12600  29761    111
  Entry   4  [80 03 00 00 00 01 04 ff 03 02 53 3d 41 75 74 00]  dec:   896      0    256  65284    515  15699  30017    116
  Entry   5  [81 03 00 00 00 01 06 ff 04 03 0e 4f 42 61 6e 00]  dec:   897      0    256  65286    772  20238  24898    110
  Entry   6  [82 03 00 00 00 01 04 01 01 01 54 47 42 72 69 00]  dec:   898      0    256    260    257  18260  29250    105
  Entry   7  [83 03 00 00 00 01 04 00 04 00 27 12 42 72 6f 00]  dec:   899      0    256      4      4   4647  29250    111
  Entry   8  [84 03 00 00 00 01 06 ff 04 00 ff ff 43 65 72 00]  dec:   900      0    256  65286      4  65535  25923    114
  Entry   9  [85 03 00 00 00 01 05 00 02 00 ff ff 43 68 65 00]  dec:   901      0    256      5      2  65535  26691    101
  Entry  10  [86 03 00 00 00 01 05 ff 03 01 55 32 43 68 69 00]  dec:   902      0    256  65285    259  12885  26691    105
  Entry  11  [87 03 00 00 00 01 04 fe 00 01 1d 24 43 6f 4c 00]  dec:   903      0    256  65028    256   9245  28483     76
  Entry  12  [88 03 00 00 00 01 04 01 02 00 01 ff 43 41 00 00]  dec:   904      0    256    260      2  65281  16707      0
  Entry  13  [89 03 00 00 00 01 05 ff 00 03 35 00 43 6d 62 00]  dec:   905      0    256  65285    768     53  27971     98
  Entry  14  [8a 03 00 00 00 01 05 ff 04 02 45 1c 43 6d 6e 00]  dec:   906      0    256  65285    516   7237  27971    110
  Entry  15  [8b 03 00 00 00 01 05 00 02 02 3c 25 43 6d 70 00]  dec:   907      0    256      5    514   9532  27971    112
  Entry  16  [8c 03 00 00 00 01 04 01 04 03 34 30 43 73 63 00]  dec:   908      0    256    260    772  12340  29507     99
  Entry  17  [8d 03 00 00 00 01 07 ff 00 02 15 33 43 73 74 00]  dec:   909      0    256  65287    512  13077  29507    116
  Entry  18  [8e 03 00 00 00 01 04 00 04 00 2f 14 43 6f 72 00]  dec:   910      0    256      4      4   5167  28483    114
  Entry  19  [8f 03 00 00 00 01 04 00 01 02 25 16 43 75 72 00]  dec:   911      0    256      4    513   5669  30019    114
  Entry  20  [90 03 00 00 00 01 04 01 01 00 08 ff 44 65 6d 00]  dec:   912      0    256    260      1  65288  25924    109
  Entry  21  [91 03 00 00 00 01 05 01 02 02 06 26 45 63 6f 00]  dec:   913      0    256    261    514   9734  25413    111
  Entry  22  [92 03 00 00 00 01 04 01 01 02 55 06 45 31 00 00]  dec:   914      0    256    260    513   1621  12613      0
  Entry  23  [93 03 00 00 00 01 04 00 04 02 33 2d 45 32 00 00]  dec:   915      0    256      4    516  11571  12869      0
  Entry  24  [94 03 00 00 00 01 04 01 04 03 17 13 45 6e 67 00]  dec:   916      0    256    260    772   4887  28229    103
  Entry  25  [95 03 00 00 00 01 04 00 04 00 57 12 45 6e 76 00]  dec:   917      0    256      4      4   4695  28229    118
  Entry  26  [96 03 00 00 00 01 03 01 02 03 44 4c 45 73 70 00]  dec:   918      0    256    259    770  19524  29509    112
  Entry  27  [97 03 00 00 00 01 02 ff 00 03 0f 15 45 78 70 00]  dec:   919      0    256  65282    768   5391  30789    112
  Entry  28  [98 03 00 00 00 01 05 00 04 02 23 0a 46 65 75 00]  dec:   920      0    256      5    516   2595  25926    117
  Entry  29  [99 03 00 00 00 01 04 ff 00 00 56 36 46 6c 69 00]  dec:   921      0    256  65284      0  13910  27718    105
  Entry  30  [9a 03 00 00 00 01 04 ff 04 02 0e 53 46 75 6e 00]  dec:   922      0    256  65284    516  21262  30022    110
  Entry  31  [9b 03 00 00 00 01 03 fe 02 02 37 11 46 50 00 00]  dec:   923      0    256  65027    514   4407  20550      0
  Entry  32  [9c 03 00 00 00 01 03 00 03 03 3b 50 47 65 6e 00]  dec:   924      0    256      3    771  20539  25927    110
  Entry  33  [9d 03 00 00 00 01 03 02 03 03 32 13 47 75 65 00]  dec:   925      0    256    515    771   4914  30023    101
  Entry  34  [9e 03 00 00 00 01 04 01 00 03 0f 51 47 75 6e 00]  dec:   926      0    256    260    768  20751  30023    110
  Entry  35  [9f 03 00 00 00 01 08 fe 00 01 26 27 48 6f 72 00]  dec:   927      0    256  65032    256  10022  28488    114
  Entry  36  [a0 03 00 00 00 01 04 ff 00 00 ff ff 49 6e 64 00]  dec:   928      0    256  65284      0  65535  28233    100
  Entry  37  [a1 03 00 00 00 01 06 00 01 02 43 06 49 6e 76 00]  dec:   929      0    256      6    513   1603  28233    118
  Entry  38  [a2 03 00 00 00 01 06 00 04 01 19 2b 49 72 6f 00]  dec:   930      0    256      6    260  11033  29257    111
  Entry  39  [a3 03 00 00 00 01 05 ff 04 00 08 56 4c 61 62 00]  dec:   931      0    256  65285      4  22024  24908     98
  Entry  40  [a4 03 00 00 00 01 04 ff 02 03 30 22 4c 61 73 00]  dec:   932      0    256  65284    770   8752  24908    115
  Entry  41  [a5 03 00 00 00 01 04 00 03 03 3b 30 4c 64 72 00]  dec:   933      0    256      4    771  12347  25676    114
  Entry  42  [a6 03 00 00 00 01 05 ff 00 01 0b 23 4c 69 74 00]  dec:   934      0    256  65285    256   8971  26956    116
  Entry  43  [a7 03 00 00 00 01 05 02 03 00 58 0c 54 6f 6f 00]  dec:   935      0    256    517      3   3160  28500    111
  Entry  44  [a8 03 00 00 00 01 04 fe 04 02 4f 51 4d 61 67 00]  dec:   936      0    256  65028    516  20815  24909    103
  Entry  45  [a9 03 00 00 00 01 04 ff 03 01 3d 27 4d 61 70 00]  dec:   937      0    256  65284    259  10045  24909    112
  Entry  46  [aa 03 00 00 00 01 06 ff 01 00 01 ff 4d 61 73 00]  dec:   938      0    256  65286      1  65281  24909    115
  Entry  47  [ab 03 00 00 00 01 04 01 04 00 ff ff 4d 50 00 00]  dec:   939      0    256    260      4  65535  20557      0
  Entry  48  [ac 03 00 00 00 01 05 00 04 03 05 13 4d 61 74 00]  dec:   940      0    256      5    772   4869  24909    116
  Entry  49  [ad 03 00 00 00 01 04 ff 03 00 01 2f 4d 65 64 00]  dec:   941      0    256  65284      3  12033  25933    100
  Entry  50  [ae 03 00 00 00 01 04 00 01 01 3c 54 4d 65 74 00]  dec:   942      0    256      4    257  21564  25933    116
  Entry  51  [af 03 00 00 00 01 06 fe 00 01 23 55 4d 69 6e 00]  dec:   943      0    256  65030    256  21795  26957    110
  Entry  52  [b0 03 00 00 00 01 04 01 04 03 2c 18 4d 6f 62 00]  dec:   944      0    256    260    772   6188  28493     98
  Entry  53  [b1 03 00 00 00 01 08 ff 00 03 05 51 4d 6f 6e 00]  dec:   945      0    256  65288    768  20741  28493    110
  Entry  54  [b2 03 00 00 00 01 05 01 02 00 09 0c 4d 54 00 00]  dec:   946      0    256    261      2   3081  21581      0
  Entry  55  [b3 03 00 00 00 01 05 01 02 01 3c 40 4d 79 73 00]  dec:   947      0    256    261    258  16444  31053    115
  Entry  56  [b4 03 00 00 00 01 04 00 02 00 09 ff 4e 61 76 00]  dec:   948      0    256      4      2  65289  24910    118
  Entry  57  [b5 03 00 00 00 01 06 ff 01 01 4b 03 4e 46 00 00]  dec:   949      0    256  65286    257    843  17998      0
  Entry  58  [b6 03 00 00 00 01 06 fe 03 03 04 30 4e 50 00 00]  dec:   950      0    256  65030    771  12292  20558      0
  Entry  59  [b7 03 00 00 00 01 03 00 03 03 3a 18 50 68 69 00]  dec:   951      0    256      3    771   6202  26704    105
  Entry  60  [b8 03 00 00 00 01 06 01 02 01 38 2b 50 68 79 00]  dec:   952      0    256    262    258  11064  26704    121
  Entry  61  [b9 03 00 00 00 01 04 ff 03 01 39 2b 50 6c 61 00]  dec:   953      0    256  65284    259  11065  27728     97
  Entry  62  [ba 03 00 00 00 01 04 01 04 03 45 4c 50 6c 75 00]  dec:   954      0    256    260    772  19525  27728    117
  Entry  63  [bb 03 00 00 00 00 04 00 04 01 fe fe 50 54 00 00]  dec:   955      0      0      4    260  65278  21584      0
  Entry  64  [bc 03 00 00 00 01 04 00 02 00 09 24 50 6f 74 00]  dec:   956      0    256      4      2   9225  28496    116
  Entry  65  [bd 03 00 00 00 01 04 01 01 00 ff ff 52 61 64 00]  dec:   957      0    256    260      1  65535  24914    100
  Entry  66  [be 03 00 00 00 01 05 ff 04 03 1e 17 52 52 00 00]  dec:   958      0    256  65285    772   5918  21074      0
  Entry  67  [bf 03 00 00 00 01 06 00 01 02 4e 07 52 65 63 00]  dec:   959      0    256      6    513   1870  25938     99
  Entry  68  [c0 03 00 00 00 01 02 01 02 03 30 15 52 65 66 00]  dec:   960      0    256    258    770   5424  25938    102
  Entry  69  [c1 03 00 00 00 01 04 00 04 02 0a 13 52 66 67 00]  dec:   961      0    256      4    516   4874  26194    103
  Entry  70  [c2 03 00 00 00 01 03 01 01 03 17 4a 52 65 70 00]  dec:   962      0    256    259    769  18967  25938    112
  Entry  71  [c3 03 00 00 00 01 05 01 02 00 0c 2b 52 6f 62 00]  dec:   963      0    256    261      2  11020  28498     98
  Entry  72  [c4 03 00 00 00 01 05 fe 00 03 10 35 52 6f 63 00]  dec:   964      0    256  65029    768  13584  28498     99
  Entry  73  [c5 03 00 00 00 01 06 fe 00 03 00 18 53 61 6e 00]  dec:   965      0    256  65030    768   6144  24915    110
  Entry  74  [c6 03 00 00 00 01 04 02 01 02 32 19 53 65 61 00]  dec:   966      0    256    516    513   6450  25939     97
  Entry  75  [c7 03 00 00 00 01 04 01 01 00 2e 41 53 46 6c 00]  dec:   967      0    256    260      1  16686  18003    108
  Entry  76  [c8 03 00 00 00 01 04 01 03 03 10 49 53 74 68 00]  dec:   968      0    256    260    771  18704  29779    104
  Entry  77  [c9 03 00 00 00 01 03 fe 00 03 50 48 53 45 00 00]  dec:   969      0    256  65027    768  18512  17747      0
  Entry  78  [ca 03 00 00 00 01 04 ff 03 02 3d 26 53 74 6c 00]  dec:   970      0    256  65284    515   9789  29779    108
  Entry  79  [cb 03 00 00 00 01 04 ff 04 02 17 25 53 75 70 00]  dec:   971      0    256  65284    516   9495  30035    112
  Entry  80  [cc 03 00 00 00 01 04 01 03 03 3e 29 54 61 63 00]  dec:   972      0    256    260    771  10558  24916     99
  Entry  81  [cd 03 00 00 00 01 06 ff 00 02 11 2a 54 68 65 00]  dec:   973      0    256  65286    512  10769  26708    101
  Entry  82  [ce 03 00 00 00 01 03 02 02 01 37 1d 54 6f 47 00]  dec:   974      0    256    515    258   7479  28500     71
  Entry  83  [cf 03 00 00 00 01 04 00 03 01 03 55 54 72 61 00]  dec:   975      0    256      4    259  21763  29268     97
  Entry  84  [d0 03 00 00 00 01 04 02 01 00 14 0c 55 6e 69 00]  dec:   976      0    256    516      1   3092  28245    105
  Entry  85  [d1 03 00 00 00 01 05 01 03 01 31 3c 57 61 72 00]  dec:   977      0    256    261    259  15409  24919    114
  Entry  86  [d2 03 00 00 00 01 04 ff 00 00 ff ff 57 68 65 00]  dec:   978      0    256  65284      0  65535  26711    101
  Entry  87  [d3 03 00 00 00 01 04 ff 04 00 24 ff 57 72 69 00]  dec:   979      0    256  65284      4  65316  29271    105
  Entry  88  [d4 03 00 00 00 01 04 02 03 00 01 ff 46 54 00 00]  dec:   980      0    256    516      3  65281  21574      0
  Entry  89  [d5 03 00 00 00 01 01 00 03 03 20 44 55 31 00 00]  dec:   981      0    256      1    771  17440  12629      0

================================================================
SECTION 3: Government Name Table (pointer array)
  Address: 0x0064b9a0  Entries: 7  Stride: 4 bytes
================================================================
  [0] ptr=0x00000482  "<read error>"  (expected: Anarchy)
  [1] ptr=0x00000485  "<read error>"  (expected: Despotism)
  [2] ptr=0x00000488  "<read error>"  (expected: Monarchy)
  [3] ptr=0x0000048b  "<read error>"  (expected: Communism)
  [4] ptr=0x0000048e  "<read error>"  (expected: Fundamentalism)
  [5] ptr=0x00000491  "<read error>"  (expected: Republic)
  [6] ptr=0x00000494  "<read error>"  (expected: Democracy)

================================================================
SECTION 4: Civ[0] Core Block
  Address: 0x0064c6a0  Size: 0x58 (88) bytes
================================================================
  Full hex dump:
  +0000  00 00 00 00 00 00 00 00 00 00 00 00 00 00 00 00   ................
  +0010  00 00 00 00 00 00 00 00 00 00 00 00 00 00 00 00   ................
  +0020  00 00 00 00 00 00 00 00 00 00 00 00 00 00 00 00   ................
  +0030  00 00 00 00 00 00 00 00 00 00 00 00 00 00 00 00   ................
  +0040  00 00 00 00 00 00 00 00 00 00 00 00 00 00 00 00   ................
  +0050  00 00 00 00 00 00 00 00                           ........

  Known field decode:
  Offset   Field                           Hex      Value  Notes
  ------   --------------------            ---      -----  -----
  +0000   flags                          00 00           0  = 0b0000000000000000
  +0002   gold                     00 00 00 00           0  
  +0006   leader_graphic_id              00 00           0  
  +0008   research_progress              00 00           0  
  +000a   researching_tech               00 00           0  
  +0010   rank                              00           0  
  +0013   science_rate                      00           0  = 0%
  +0014   tax_rate                          00           0  = 0%
  +0015   government_type                   00           0  = Anarchy
  +001e   reputation                        00           0  

================================================================
SECTION 5: Leader Portrait Table
  Address: 0x006554fc  Entries: 8  Stride: 0x30 (48) bytes
================================================================
  Entry 0  (0x006554fc):
  +0000  00 00 01 00 01 00 97 04 99 04 9a 04 97 04 98 04   ................
  +0010  83 04 84 04 9b 04 9c 04 9d 04 9e 04 8c 04 8d 04   ................
  +0020  8f 04 90 04 92 04 93 04 95 04 96 04 ff ff 01 00   ................
    u32: 0x00010000  0x04970001  0x049a0499  0x04980497  0x04840483  0x049c049b  0x049e049d  0x048d048c  0x0490048f  0x04930492  0x04960495  0x0001ffff

  Entry 1  (0x0065552c):
  +0000  00 00 02 00 00 00 9f 04 a1 04 a2 04 9f 04 a0 04   ................
  +0010  83 04 84 04 86 04 87 04 89 04 8a 04 8c 04 8d 04   ................
  +0020  8f 04 90 04 92 04 93 04 95 04 96 04 01 ff 01 00   ................
    u32: 0x00020000  0x049f0000  0x04a204a1  0x04a0049f  0x04840483  0x04870486  0x048a0489  0x048d048c  0x0490048f  0x04930492  0x04960495  0x0001ff01

  Entry 2  (0x0065555c):
  +0000  00 00 03 00 03 00 a3 04 a5 04 a6 04 a3 04 a4 04   ................
  +0010  83 04 84 04 86 04 87 04 89 04 8a 04 8c 04 8d 04   ................
  +0020  a7 04 a8 04 92 04 93 04 a9 04 aa 04 00 00 01 00   ................
    u32: 0x00030000  0x04a30003  0x04a604a5  0x04a404a3  0x04840483  0x04870486  0x048a0489  0x048d048c  0x04a804a7  0x04930492  0x04aa04a9  0x00010000

  Entry 3  (0x0065558c):
  +0000  01 00 04 00 00 00 ac 04 ad 04 ae 04 ab 04 ac 04   ................
  +0010  83 04 84 04 af 04 b0 04 b1 04 b2 04 8c 04 8d 04   ................
  +0020  8f 04 90 04 92 04 93 04 95 04 96 04 ff 00 01 00   ................
    u32: 0x00040001  0x04ac0000  0x04ae04ad  0x04ac04ab  0x04840483  0x04b004af  0x04b204b1  0x048d048c  0x0490048f  0x04930492  0x04960495  0x000100ff

  Entry 4  (0x006555bc):
  +0000  00 00 05 00 01 00 b3 04 b5 04 b6 04 b3 04 b4 04   ................
  +0010  83 04 84 04 86 04 87 04 89 04 8a 04 8c 04 8d 04   ................
  +0020  b7 04 b8 04 b9 04 ba 04 95 04 96 04 00 01 ff 00   ................
    u32: 0x00050000  0x04b30001  0x04b604b5  0x04b404b3  0x04840483  0x04870486  0x048a0489  0x048d048c  0x04b804b7  0x04ba04b9  0x04960495  0x00ff0100

  Entry 5  (0x006555ec):
  +0000  01 00 06 00 01 00 bc 04 bd 04 be 04 bb 04 bc 04   ................
  +0010  83 04 84 04 86 04 87 04 89 04 8a 04 8c 04 8d 04   ................
  +0020  8f 04 90 04 92 04 93 04 bf 04 c0 04 ff ff 00 00   ................
    u32: 0x00060001  0x04bc0001  0x04be04bd  0x04bc04bb  0x04840483  0x04870486  0x048a0489  0x048d048c  0x0490048f  0x04930492  0x04c004bf  0x0000ffff

  Entry 6  (0x0065561c):
  +0000  00 00 07 00 02 00 c1 04 c3 04 c4 04 c1 04 c2 04   ................
  +0010  83 04 84 04 86 04 87 04 c5 04 c6 04 8c 04 8d 04   ................
  +0020  8f 04 90 04 92 04 93 04 95 04 96 04 01 00 ff 00   ................
    u32: 0x00070000  0x04c10002  0x04c404c3  0x04c204c1  0x04840483  0x04870486  0x04c604c5  0x048d048c  0x0490048f  0x04930492  0x04960495  0x00ff0001

  Entry 7  (0x0065564c):
  +0000  01 00 01 00 03 00 c8 04 c9 04 ca 04 c7 04 c8 04   ................
  +0010  83 04 84 04 86 04 87 04 cb 04 cc 04 8c 04 8d 04   ................
  +0020  cd 04 ce 04 92 04 93 04 95 04 96 04 01 00 00 00   ................
    u32: 0x00010001  0x04c80003  0x04ca04c9  0x04c804c7  0x04840483  0x04870486  0x04cc04cb  0x048d048c  0x04ce04cd  0x04930492  0x04960495  0x00000001

================================================================
Done.
